10 
20 
9070 
10070 
10071 
1960010 
1970010 
1990000 
1990010 
5220440 
5220441 
5220442 
20024100 
20024200 
20024300 
20024400 
20030100 
20030101 
20030200 
20030201 
20030300 
20030301 
20030400 
20030401 
20030500 
20030501 
20030520 
20030600 
20030601 
20030620 
20030700 
20030701 
20030720 
20030800 
20030801 
20030820 
20033900 
20033901 
20033902 
20034000 
20034001 
20034002 
20034050 
20034051 
20034052 
20039700 
20039701 
20039720 
20039800 
20039801 
20039820 
20039900 
20039901 
20040710 
20040810 
20040910 
20041010 
20070900 
20070901 
20070920 
20071000 
20071001 
20071020 
20071100 
20071101 
20071120 
20071200 
20071201 
20071220 
20071300 
20071310 
20071311 
20071312 
20071313 
20071314 
20071315 
20071316 
20071317 
20071318 
20071319 
20071321 
20071500 
20071510 
20071511 
20071512 
20071513 
20071514 
20071515 
20071516 
20071517 
20071518 
20071519 
20071521 
20071900 
20071901 
20072000 
20072001 
20080900 
20080901 
20080920 
20081000 
20081001 
20081020 
20081100 
20081101 
20081200 
20081201 
20081300 
20081301 
20081400 
20081401 
31010000 
31020000 
31030000 
31040000 
31050000 
31060000 
31070000 
31070010 
31070011 
31070012 
31070013 
31070014 
31070015 
31070016 
31070017 
31070018 
31070019 
31070020 
31070021 
31070022 
31070023 
31070024 
31070060 
31080000 
31080010 
31080011 
31080012 
31080013 
31080014 
31080015 
31080016 
31080017 
31080018 
31080019 
31080020 
31080021 
31080022 
31080023 
31080024 
31080060 
31090000 
31100000 
31110000 
31120000 
31130000 
31130001 
31130010 
31140000 
31150000 
31150010 
31151000 
31151010 
31160000 
31160001 
31160002 
31160010 
31160011 
31170000 
31170001 
31170002 
31170010 
31170011 
31170012 
31170013 
31180000 
31180001 
31181000 
31181001 
31190000 
31190001 
31191000 
31191001 
31200000 
31200001 
31201000 
31201001 
31210000 
31210001 
31211000 
31211001 
31220000 
31220001 
31220010 
31230000 
31240000 
31250000 
31250001 
31250002 
31251000 
31251001 
31251002 
31260000 
31270000 
31270001 
31280000 
31280010 
31290000 
31290001 
32010000 
32010001 
32020000 
32020001 
32030000 
32030001 
32040000 
32040001 
32050000 
32050001 
32060000 
32060001 
32070000 
32070001 
32080000 
32080001 
32090000 
32090001 
32100000 
32100001 
32110000 
32110001 
32120000 
32120010 
32130000 
32130001 
32130010 
32130020 
32130021 
32130030 
32130031 
32140000 
32140010 
32140020 
32140021 
32140030 
32140031 
32150000 
32150010 
32150020 
32150021 
32150030 
32150031 
32160000 
32160010 
32160020 
32160021 
32160030 
32160031 
32170000 
32170010 
32170011 
32180000 
32180001 
32180010 
32180011 
32180020 
32180021 
32180030 
32180031 
32190000 
32190001 
32200000 
32200001 
32210000 
32220000 
32220001 
32230000 
32230001 
32240000 
32250000 
32250001 
32260000 
32261000 
33010000 
33010001 
33010010 
33020000 
33020001 
33020010 
33030000 
33030001 
33030010 
33040000 
33040001 
33040002 
33040020 
33040021 
33050000 
33050001 
33050002 
33050003 
33050004 
33050010 
33050011 
33050020 
33050021 
33050030 
33060000 
33060001 
33060002 
33060003 
33060004 
33060010 
33060011 
33060020 
33060021 
33060030 
33070000 
33070001 
33070002 
33070003 
33070004 
33070010 
33070011 
33070020 
33070021 
33070030 
33070040 
33080000 
33080010 
33090000 
33090010 
33100000 
33100001 
33100010 
33110000 
33110010 
33110011 
33120000 
33120010 
33120011 
33130000 
33130010 
33130011 
33140000 
33140001 
33140010 
33140011 
33150000 
33150001 
33150010 
33150011 
33160000 
33160001 
33160002 
33160020 
33160021 
33160022 
33160023 
33170000 
33171000 
33180000 
33190000 
33200000 
33210000 
33210020 
33210021 
33210022 
34010000 
34020000 
34020001 
34030000 
34030010 
34030011 
34040000 
34040010 
34040011 
34040012 
34040013 
34040014 
34040015 
34040016 
34040017 
34040018 
34040019 
34040020 
34040021 
34040022 
34040023 
34040024 
34040060 
34050000 
34050001 
34050010 
34050011 
34050012 
34060000 
34061000 
34070000 
34080000 
34090000 
34100000 
35010000 
35010001 
35010002 
35010011 
35010012 
35010020 
35010021 
35010030 
35010031 
35010040 
35020000 
35020010 
35020011 
35020012 
35030000 
35030001 
35030002 
35030003 
35030004 
35040000 
35040001 
35040002 
35040003 
35040004 
35050000 
35050001 
35050002 
35050003 
35050004 
35060000 
35060001 
35060002 
35060003 
35060004 
35070000 
35070001 
35070002 
35070003 
35070004 
35071000 
35071001 
35071002 
35071003 
35071004 
35071010 
35080000 
35080001 
35080002 
35080010 
35080011 
35080012 
35080020 
35080021 
35080022 
35080030 
35080031 
35080032 
35080040 
35080041 
35080042 
35090000 
35090001 
40480000 
40480010 
40530000 
40530010 
50000010 
60405000 
60405001 
60405010 
60405011 
60405020 
60405030 
60406000 
60406001 
60406010 
60406011 
60430000 
60470000 
60480000 
60490000 
60500000 
60530000 
60530010 
60531000 
60531010 
60540000 
60550000 
60550010 
60550011 
60560000 
60560010 
60560011 
60570000 
60570010 
60570011 
60575000 
60575010 
60575011 
60580000 
60580010 
60580011 
60590000 
60595000 
60595010 
60600000 
60610000 
60610010 
60610011 
60620000 
60620010 
60620011 
60760020 
60770020 
60780020 
60790020 
60800020 
60810020 
60820020 
60830020 
60850020 
60870020 
60880020 
60900020 
60910000 
60910020 
60910040 
60910060 
60920000 
60920020 
60920040 
60920060 
60930000 
60930020 
60930040 
60930060 
60940000 
60940020 
60940040 
60940060 
60950000 
60950020 
60950040 
60950060 
60960000 
60960020 
60960040 
60960060 
71010000 
71020000 
71030000 
71040000 
71050000 
71060000 
71090000 
71100000 
72010000 
72010001 
72020000 
72020001 
72030000 
72030001 
72040000 
72040001 
72050000 
72050001 
72060000 
72060001 
72070000 
72070001 
72080000 
72080001 
72090000 
72090001 
72100000 
72100001 
72110000 
72110001 
72120000 
72120010 
72130000 
72130001 
72130010 
72130020 
72130021 
72130030 
72130031 
72140000 
72140010 
72140020 
72140021 
72140030 
72140031 
72150000 
72150010 
72150020 
72150021 
72150030 
72150031 
72160000 
72160010 
72160020 
72160021 
72160030 
72160031 
72170000 
72170010 
72170011 
72180000 
72180001 
72180010 
72180020 
72180021 
72180030 
72180031 
72190000 
72190001 
72200000 
72200001 
72210000 
72220000 
72220001 
72230000 
72230001 
72240000 
72250000 
72250001 
72260000 
72261000 
73020000 
73020001 
73020010 
73030000 
73030001 
73030010 
73040000 
73040001 
73040002 
73040020 
73040021 
73050000 
73050001 
73050002 
73050010 
73050011 
73050020 
73050021 
73050030 
73060000 
73060001 
73060002 
73060010 
73060011 
73060020 
73060021 
73060030 
73070000 
73070001 
73070002 
73070010 
73070011 
73070020 
73070021 
73070030 
73070040 
73090000 
73090010 
73150000 
73150001 
73150010 
73150011 
73160000 
73160001 
73160002 
73160020 
73160021 
74010000 
74020000 
74020001 
